3988
138 21
64 41
299 9122
300 5160
183 41
45 41
170 21
300 520
245 31
221 21
138 11
33 51
261 6951
151 2326
55 21
92 31
190 31
202 41
120 31
129 61
209 71
133 1805
179 21
70 41
84 71
102 1061
193 1
211 41
216 1
117 81
300 2190
83 71
86 51
124 61
218 31
154 11
300 2550
173 1
255 51
90 91
148 11
300 2440
174 11
214 11
142 31
300 4480
125 71
170 1
251 71
45 1
300 7670
139 71
257 71
168 81
44 41
96 71
46 81
112 1
174 71
79 71
168 2880
297 11
300 9183
74 91
132 91
31 71
300 8360
210 21
195 61
157 81
64 71
295 8880
277 21
169 81
300 5660
243 11
88 81
169 1
207 61
300 4500
300 2570
55 308
194 51
35 21
300 5130
18 31
300 1800
294 31
35 91
221 4983
99 21
300 3840
300 8380
79 21
284 11
300 8310
300 330
220 41
113 21
145 2145
28 61
99 51
185 41
212 81
300 2540
11 11
229 51
30 91
143 21
67 458
206 31
132 1777
81 81
63 31
157 41
300 3940
286 21
159 31
31 31
111 21
212 61
119 21
187 31
300 8020
88 1
159 81
113 71
57 31
92 21
200 51
300 6390
55 11
214 61
300 1640
300 7960
293 21
250 31
91 21
300 4490
85 21
252 11
10 1
95 61
300 6140
180 81
27 71
66 444
111 91
205 71
300 7430
300 4590
300 740
300 7550
300 1620
300 5800
54 1
300 7980
37 31
291 8640
31 51
147 41
300 3770
300 7170
194 21
116 91
191 11
300 5940
289 41
268 41
300 1150
300 3120
213 11
103 11
199 91
15 21
43 188
300 4780
181 3342
300 4230
155 11
118 21
293 41
300 5450
238 5780
147 11
186 71
122 81
282 1
203 11
215 31
300 3100
300 7280
95 11
65 81
279 11
143 41
300 5570
199 1
214 81
300 6790
190 91
38 1
300 6500
164 1
280 71
300 8940
156 11
175 11
92 91
300 8750
143 61
290 51
34 51
87 31
300 5820
71 91
189 51
25 41
300 5150
300 140
177 41
300 4290
300 1970
300 7510
176 31
300 2810
253 6531
178 51
300 8800
114 61
21 31
235 81
300 6920
300 5620
193 11
143 91
300 3580
300 1660
300 3130
89 81
21 21
65 11
300 8920
35 51
217 31
300 7080
93 81
300 4710
241 1
300 1740
53 31
300 4140
119 81
143 71
300 6970
300 3550
264 81
300 710
299 61
275 61
119 31
41 61
300 1900
47 61
285 81
116 1373
186 1
300 5880
202 51
118 91
300 3270
233 71
300 1940
197 61
255 71
272 7549
300 8320
239 11
300 2650
13 11
300 610
166 41
73 11
144 61
277 81
260 71
229 21
81 71
183 31
188 91
276 31
54 71
42 180
24 21
300 4460
80 1
300 5320
28 51
87 81
201 91
147 51
208 51
300 2180
208 61
104 81
100 71
300 3380
206 71
210 51
101 51
74 558
92 81
60 51
106 61
234 31
85 11
300 8590
300 4130
183 91
141 11
36 41
153 2388
300 8890
300 5230
254 71
300 8910
300 4830
242 61
57 91
244 31
300 2330
300 3480
177 51
184 21
254 11
127 91
167 41
72 21
236 71
222 21
246 11
152 21
300 1980
300 980
67 1
225 41
300 4600
166 2811
184 71
186 31
200 71
127 1645
221 81
300 7500
134 21
300 7120
107 51
300 3110
300 2210
99 11
300 1950
57 81
274 31
109 21
61 379
154 61
300 2120
300 2040
300 7660
124 31
145 71
300 6830
198 51
300 91
167 31
192 31
300 2670
43 71
242 11
152 71
300 420
38 11
22 1
300 5000
71 81
93 31
61 11
68 81
116 71
290 8581
248 51
232 51
255 11
279 51
89 1
151 61
221 31
181 71
55 31
300 3880
300 8490
300 3060
300 7900
56 41
272 61
188 71
300 5110
191 81
300 7150
154 51
271 1
73 61
300 1130
300 21
300 6850
166 1
111 31
224 91
60 71
170 61
83 702
100 81
180 21
300 1890
170 51
238 41
300 8450
111 61
155 91
165 1
211 31
100 21
300 2690
28 21
104 51
30 51
150 21
203 21
174 3089
180 11
300 5950
300 6360
300 7490
125 91
300 4190
273 61
300 700
227 11
300 2530
130 71
145 11
173 61
300 1240
288 81
193 91
266 11
300 1380
300 4440
54 61
206 41
280 21
251 81
230 41
43 11
174 41
109 11
282 21
196 81
14 1
300 2710
102 51
82 71
125 21
167 21
297 71
300 3470
300 6340
36 61
228 81
259 71
171 81
193 81
295 41
144 21
194 3840
94 91
300 6440
245 6125
271 21
300 4310
300 4160
263 91
205 1
85 31
250 1
300 3730
278 91
300 8100
231 81
66 31
132 41
279 71
136 61
261 91
230 51
295 91
300 1360
217 1
18 11
300 4410
146 1
297 41
108 1190
98 490
64 61
300 8250
239 71
20 11
125 41
53 11
300 970
269 1
31 11
211 4542
300 4890
300 1370
194 91
150 41
263 31
69 71
140 61
198 71
300 510
241 31
66 91
225 5165
300 6470
264 41
266 21
219 11
300 6710
230 1
52 1
33 11
300 2900
73 41
187 21
300 6610
162 61
48 235
60 41
300 4420
149 11
267 71
290 81
300 6150
300 940
300 3790
286 41
284 1
46 91
64 31
139 21
300 3400
159 61
161 41
294 71
86 61
223 11
281 61
189 21
146 31
81 11
133 1
165 61
154 81
285 21
212 91
291 31
174 51
176 3160
274 21
202 91
79 41
300 6680
93 1
203 41
106 71
298 11
142 71
260 21
299 91
20 21
163 71
292 61
182 71
300 2420
300 7840
74 81
92 41
194 71
66 71
200 91
229 31
36 71
99 91
276 91
97 41
148 41
178 11
106 21
300 950
300 1040
196 31
186 11
300 4760
108 31
300 3150
209 91
300 6350
300 4020
117 21
187 1
300 5440
300 340
59 31
284 91
233 31
111 41
173 11
145 41
38 61
201 61
279 81
300 800
91 41
300 4540
82 1
129 1698
112 91
300 230
53 51
146 91
48 81
80 61
202 61
118 81
102 1
54 51
254 6583
300 1990
258 51
193 51
31 1
182 1
95 91
126 11
248 41
192 1
300 3750
172 31
300 3220
265 91
297 21
214 31
203 91
84 51
202 81
282 61
214 41
233 51
210 81
124 51
30 31
281 81
82 51
177 3196
285 91
300 8440
65 21
279 7942
178 1
285 8288
300 5040
151 21
185 21
300 2880
222 41
300 5410
300 7700
41 41
167 71
39 1
300 3330
219 51
282 31
90 1
149 1
195 91
236 5683
185 91
300 7410
247 6225
278 61
35 31
300 8790
277 7829
133 71
54 297
68 31
300 1840
300 3600
136 21
300 1170
298 81
140 11
202 11
249 1
79 61
212 51
224 81
300 6060
89 71
169 41
300 650
288 11
241 61
300 1550
136 91
224 11
154 71
300 2230
231 71
251 11
231 5445
31 81
264 71
260 11
39 31
300 1000
285 41
103 51
57 51
201 51
281 31
142 61
213 41
300 930
227 1
115 51
254 41
80 31
130 1
266 41
213 81
300 5070
276 51
300 8210
300 3720
291 61
222 51
222 71
300 8080
93 882
300 1720
300 5630
125 11
300 5350
300 9180
67 11
300 2340
16 11
290 21
137 91
244 6075
300 2080
246 51
60 1
300 560
210 1
300 380
300 3660
87 21
282 71
117 61
276 1
300 8840
222 81
25 51
300 830
216 41
224 1
90 826
63 1
268 81
76 61
133 81
83 11
199 61
233 11
300 8010
30 61
114 51
162 91
259 6845
210 71
273 1
151 71
290 1
85 91
123 31
114 41
237 61
265 11
300 1210
111 11
117 51
146 2175
127 11
27 11
300 5480
63 81
72 81
59 21
195 11
35 61
300 8240
300 4770
67 91
180 61
150 81
92 71
125 81
222 31
159 41
269 81
172 3018
92 61
160 21
151 31
277 91
300 7270
233 5539
300 2430
264 51
300 8000
218 61
53 286
44 51
55 71
75 11
300 390
256 41
96 91
33 1
62 21
76 41
239 61
103 31
300 8130
117 41
300 4330
177 11
297 81
82 91
191 51
300 470
219 91
300 7100
194 31
130 31
292 91
300 6770
300 2260
166 91
114 81
181 81
253 1
300 2680
243 71
63 41
38 31
72 51
75 31
192 41
49 41
36 31
128 71
49 1
28 31
159 11
187 11
272 21
129 21
300 1710
300 6080
93 61
275 51
35 11
300 4920
256 51
300 1350
155 41
222 11
300 8430
234 5587
196 61
123 1543
171 2983
166 21
243 41
300 190
66 81
300 6330
164 91
121 31
206 91
186 81
186 41
300 4340
184 81
157 21
102 31
73 81
300 5700
300 8170
30 1
217 41
284 81
247 61
212 11
300 4610
205 21
165 2778
189 61
183 11
187 61
232 41
84 31
188 1
8 1
175 41
210 4500
158 61
77 31
43 81
300 4850
181 91
203 51
52 275
300 7870
252 81
192 61
300 3040
18 1
300 4530
162 2677
33 41
300 9170
32 21
130 21
76 11
300 4050
300 2980
300 880
248 1
131 11
87 71
163 41
79 81
300 7360
300 900
300 6190
136 81
221 11
234 1
52 31
119 1
220 61
300 6750
148 31
230 11
300 3030
300 7640
114 91
220 1
79 1
65 41
300 6010
300 8580
69 1
152 61
144 41
300 3820
120 1
31 61
300 1260
300 1120
287 1
137 11
173 91
300 5330
286 71
260 31
217 4805
85 41
98 980
136 11
75 81
300 7180
300 2780
45 51
124 91
32 31
204 61
83 51
300 3570
296 21
300 5710
265 71
52 61
263 1
281 1
300 960
252 71
73 21
288 41
141 51
40 41
192 51
167 91
300 7260
261 41
36 51
300 4060
300 1910
67 71
97 51
45 81
257 31
115 1
300 6930
84 61
300 2150
52 91
300 3020
260 6897
55 51
300 5560
241 91
286 61
238 71
300 6400
156 1
295 1
293 31
170 91
77 81
271 91
169 31
75 91
300 7790
163 11
300 6800
230 21
300 5920
170 2948
300 4170
145 21
287 71
43 21
282 8114
289 11
292 21
300 6370
151 41
33 31
300 2750
300 8650
261 81
124 71
300 8930
32 104
300 1290
211 51
242 5975
152 41
300 6900
300 8550
300 220
168 91
62 71
300 7400
220 4938
138 41
300 8850
300 2100
300 7210
59 355
70 71
93 71
300 7850
174 31
141 81
300 1080
124 81
300 3930
219 71
112 31
161 81
300 4070
300 8090
300 2160
31 91
137 1915
53 71
208 41
300 2050
262 51
300 3000
252 61
300 5430
150 31
271 41
300 5540
169 51
21 11
166 31
44 197
204 21
59 81
284 21
101 71
300 5990
110 41
167 61
51 51
259 21
69 81
85 81
292 71
25 61
56 21
181 51
143 1
156 31
264 21
300 2770
72 91
116 21
223 91
118 61
111 51
75 41
6 1
47 31
300 5590
249 31
237 21
300 1340
300 6270
102 61
168 21
56 81
300 8610
110 91
284 71
101 21
223 71
300 6430
66 11
169 2914
300 4040
46 41
29 71
157 51
75 573
166 11
257 21
226 91
300 6300
280 8000
228 11
209 41
122 91
300 1500
97 21
250 6377
245 71
62 81
264 11
216 11
300 3160
85 737
192 11
300 4630
240 91
300 5120
300 250
52 41
300 210
198 61
300 2560
300 9120
50 11
70 1
39 81
28 11
300 5420
300 31
298 31
33 91
135 11
300 4660
128 1
277 11
242 31
77 71
298 21
46 71
236 51
70 31
51 11
212 1
218 41
288 71
279 31
89 31
253 31
65 1
161 31
300 7780
216 4760
300 6580
113 31
56 1
135 31
103 21
300 7820
192 3761
300 720
300 5770
154 2420
286 51
300 2630
41 11
300 2590
54 21
82 61
300 7680
132 11
158 71
193 31
270 11
94 81
131 1751
300 4090
176 21
300 1010
218 91
300 8220
91 61
165 71
300 6100
39 21
273 21
300 7620
300 5520
300 3960
258 91
41 91
209 31
100 41
272 91
126 51
48 31
57 1
29 11
169 61
86 21
205 91
232 31
90 41
147 21
47 21
288 91
300 4970
91 11
202 31
196 3920
300 9100
300 3300
269 11
300 640
139 61
300 150
271 81
57 71
78 620
121 41
123 61
218 4849
289 1
300 8040
300 7970
300 5600
113 61
244 81
124 41
155 81
148 91
300 3240
127 1
283 81
233 1
172 41
102 81
300 6600
143 2086
106 11
269 7383
184 61
231 11
45 11
300 2940
141 41
300 7710
131 81
81 31
253 91
51 71
108 91
120 11
125 1594
280 91
240 71
228 1
134 1832
34 31
116 81
142 51
300 2760
300 7650
84 11
300 8330
300 7990
210 11
300 7770
170 41
52 71
59 71
182 41
59 51
98 31
175 81
66 61
251 21
137 31
300 8460
217 91
160 31
214 1
36 132
20 1
300 1830
121 61
79 51
163 61
274 41
300 9030
285 71
130 11
218 1
263 71
300 6450
160 51
204 31
32 91
300 1420
291 51
156 51
113 51
246 21
234 81
207 31
96 51
246 41
300 2970
149 21
300 8700
148 1
132 61
285 51
285 31
216 61
300 6000
175 91
244 11
81 91
300 8120
96 81
87 61
215 4716
86 41
154 31
41 21
91 31
198 1
249 91
180 1
40 31
297 31
80 41
15 1
300 2110
165 81
114 31
15 11
300 6050
216 31
166 81
201 31
197 3960
93 51
21 41
81 21
231 91
164 11
231 51
300 540
236 61
300 5530
124 21
237 11
111 1
212 21
191 61
126 1620
300 430
50 255
136 1887
62 392
80 21
27 21
275 31
133 91
300 350
238 81
300 1770
180 71
99 31
106 91
283 21
146 61
244 91
261 51
252 41
273 41
300 8600
300 8050
300 5490
268 61
105 91
149 71
300 3830
300 8830
109 41
258 31
300 3900
26 21
127 41
204 81
300 8810
300 4980
92 1
245 1
253 71
300 3990
131 41
247 31
259 1
147 81
217 11
128 21
292 1
300 3170
110 61
185 3492
228 41
23 21
300 790
137 51
300 200
292 51
78 61
241 41
117 11
300 590
89 61
300 2060
58 11
129 11
300 9080
161 51
229 91
226 51
300 5690
32 41
96 11
26 41
114 1
127 31
142 21
152 81
300 6840
34 1
300 4120
300 5730
69 21
251 6428
300 5180
254 61
300 8260
73 91
70 61
181 41
172 51
241 21
300 4950
229 11
149 91
35 1
259 51
224 21
118 1420
280 41
32 1
85 61
41 31
300 1650
300 4750
184 41
74 61
66 21
185 71
19 1
300 7740
251 91
294 11
300 6690
300 41
68 1
191 21
149 2265
49 21
149 41
300 7110
51 31
300 9160
257 41
185 51
105 1125
127 81
38 71
71 31
197 51
38 147
42 11
137 1
49 61
300 5210
300 3670
235 1
197 1
113 41
49 71
31 41
117 31
300 5240
178 41
300 1100
46 1
150 61
300 71
300 6170
50 91
210 31
300 6700
141 61
218 71
277 51
158 2547
162 71
249 61
90 61
300 2310
160 11
47 225
140 1
300 7340
254 21
300 3690
283 51
300 5670
300 1090
293 81
95 31
231 31
300 4220
256 31
300 5170
235 31
300 2860
83 41
138 81
266 61
67 41
163 51
153 51
300 3050
88 31
88 41
61 81
300 810
97 81
162 21
89 91
133 41
95 920
237 41
135 51
276 71
278 31
251 1
220 31
44 1
74 11
300 7720
137 21
33 21
158 31
259 11
32 61
96 940
216 51
43 1
300 8230
272 1
300 850
300 7370
44 61
256 61
255 81
126 91
42 91
97 1
181 11
58 61
153 61
44 31
300 6460
300 6130
265 1
297 9000
94 41
48 1
213 1
106 1146
126 41
64 81
101 1040
300 5300
300 3620
184 3454
108 51
129 81
189 91
300 8060
191 1
211 81
218 11
109 1
103 81
72 41
300 2170
55 81
250 81
300 4200
300 2320
300 290
116 51
142 2057
300 170
131 91
121 1493
40 21
300 730
289 71
270 51
262 81
49 31
37 71
64 51
179 1
200 31
255 21
78 11
265 7165
36 81
195 71
300 820
67 31
205 51
300 5030
280 11
138 31
243 1
50 71
196 71
189 31
300 5010
300 3560
270 21
300 6120
292 8700
89 21
300 6090
68 61
96 1
300 4690
132 71
223 41
252 51
164 41
262 71
287 21
300 2960
300 3850
236 41
204 11
300 6320
300 8290
206 4330
153 11
146 81
267 31
300 3500
300 6880
68 41
140 91
13 1
300 6720
105 81
261 1
242 51
67 81
202 1
270 71
223 51
300 4320
300 2840
145 81
147 71
300 5860
300 5050
87 772
300 7750
51 61
276 21
233 81
300 8820
178 91
191 41
127 51
300 7730
50 81
111 1257
86 754
248 81
183 1
300 5900
300 1400
300 3980
140 71
58 1
211 21
151 81
115 71
300 2700
165 31
70 81
120 41
23 11
284 31
236 11
300 1060
76 589
179 91
300 7800
300 6980
300 4990
300 7600
283 11
78 41
250 71
40 91
145 91
267 61
60 91
300 11
127 61
199 21
101 61
41 171
234 71
270 81
300 1600
94 31
280 81
40 51
245 41
122 1518
37 1
300 1050
300 3290
155 31
115 21
77 51
252 21
243 21
276 81
119 61
300 6660
292 41
144 91
279 91
242 41
226 5211
298 71
282 11
143 81
253 11
300 110
259 61
211 61
58 41
79 11
231 41
228 5304
225 91
56 61
300 5260
277 71
77 1
182 11
300 1160
39 41
274 91
97 960
300 7020
141 71
213 4629
65 31
258 81
128 91
271 31
278 41
264 91
126 81
300 5760
216 21
86 1
273 91
144 1
207 41
232 81
193 41
173 71
300 7520
176 71
107 71
38 21
53 91
281 71
73 51
300 8190
246 71
80 91
274 61
147 91
300 9150
160 91
205 31
242 71
113 91
243 61
22 21
167 2845
300 2740
147 2205
157 61
226 81
23 1
201 4122
300 7690
139 11
203 81
300 9050
232 91
215 21
77 605
227 71
82 31
258 6792
281 91
192 91
22 11
300 1490
300 2030
300 1450
153 21
196 41
188 21
267 51
27 41
300 6740
152 11
300 4820
115 1349
300 5140
289 21
75 1
164 61
161 21
243 91
300 1070
195 81
150 2295
300 2360
300 2410
178 81
150 71
30 41
300 4520
172 11
225 71
209 81
46 215
80 81
172 61
300 100
128 51
97 11
217 51
220 51
300 5090
176 11
290 31
237 81
238 1
238 91
198 21
300 8390
206 81
54 11
256 11
300 7420
296 61
232 5492
50 21
293 1
300 7560
269 61
89 51
91 81
291 21
58 51
300 6380
100 1020
300 1690
182 3380
263 11
44 21
123 51
300 3070
63 405
45 71
167 1
99 1
296 71
34 117
106 31
80 653
232 71
265 21
55 1
300 9110
123 41
300 5550
190 51
95 21
300 1810
190 1
146 71
100 31
135 61
300 3460
161 71
43 31
250 51
215 41
171 41
217 21
160 81
283 8172
37 81
213 91
144 71
247 91
300 9130
113 81
208 91
95 41
98 41
174 1
300 6940
184 31
256 6687
300 4400
281 21
188 61
300 3090
300 3780
300 1780
180 31
101 41
64 417
300 5510
290 11
281 51
83 1
300 160
300 4280
300 8950
300 5340
300 9060
300 3340
296 81
50 1
104 11
98 61
188 51
300 3860
61 31
300 2510
300 2380
294 51
224 61
178 61
123 91
123 11
102 21
42 51
227 61
300 9040
30 21
57 41
148 2235
190 81
131 31
14 11
43 51
56 51
193 61
83 31
252 31
279 41
243 6025
225 51
146 41
151 51
240 11
259 91
247 21
300 7530
83 81
208 81
280 61
300 6730
116 31
284 8230
66 41
89 808
67 61
116 1
300 2140
199 31
192 21
175 71
103 91
300 7030
300 8560
300 3970
300 3320
300 4370
157 1
107 1
98 11
253 51
292 11
223 21
172 91
300 2370
288 1
129 31
177 21
300 6620
221 71
98 81
29 81
300 5830
105 51
252 6480
37 41
237 71
263 51
300 3950
71 1
255 31
273 81
107 1168
155 71
300 6260
300 280
166 61
129 51
125 31
267 7274
216 81
71 11
29 51
49 81
23 51
266 31
266 7220
209 51
284 41
47 11
300 660
205 11
216 71
228 31
300 7090
257 81
190 41
300 860
300 4510
39 11
295 71
164 51
300 580
175 21
263 7058
121 81
280 51
300 4840
270 31
104 91
297 1
300 7450
300 4960
90 11
123 81
300 8150
300 2920
300 5610
300 2990
30 71
120 61
291 41
296 11
113 1302
153 91
58 71
184 1
255 91
300 7830
42 71
284 61
108 41
300 2280
76 81
300 8730
86 31
189 41
107 91
300 6200
246 1
81 51
197 31
201 21
203 4205
300 1630
300 5810
159 71
67 21
37 21
184 91
82 21
214 21
189 81
149 61
92 51
200 81
300 1930
63 61
88 71
300 8980
34 81
124 11
300 6070
138 61
25 31
99 81
215 71
300 6220
291 1
262 11
298 91
300 7630
108 71
299 21
166 51
300 6860
199 51
300 870
91 845
233 91
138 1
237 51
121 11
66 51
26 31
121 21
288 21
236 81
23 41
300 4790
300 310
183 61
91 71
112 21
244 41
128 81
288 51
56 320
196 91
211 71
283 71
284 51
138 1943
81 41
134 71
187 91
158 91
58 91
187 71
300 7390
127 71
245 81
146 51
244 1
191 3722
210 91
278 71
78 81
53 61
212 31
189 1
157 91
300 2010
291 71
295 81
300 4260
163 31
71 71
300 6630
100 91
288 31
179 71
186 3530
33 111
158 21
200 41
300 450
183 81
300 3520
271 11
36 91
300 2250
300 4360
189 11
240 1
96 41
269 51
171 11
215 1
175 51
90 51
95 81
278 11
277 1
295 51
79 636
148 21
63 91
58 343
47 51
134 1
293 8760
300 6910
289 8522
60 21
148 61
300 3260
300 4900
300 6030
274 71
165 41
300 4110
108 1
194 61
40 1
69 31
45 91
300 4150
30 11
234 51
185 1
198 81
228 91
229 61
204 71
300 7010
39 51
132 21
300 5460
300 5980
26 11
258 71
152 31
149 31
57 21
47 1
207 71
160 1
42 61
194 41
78 71
84 720
299 1
176 51
300 4450
300 6960
74 31
300 6650
249 51
207 1
263 21
157 71
300 890
285 11
247 81
232 11
110 31
101 81
241 81
198 91
223 81
300 4560
300 3080
255 6635
43 61
300 8780
19 11
22 41
99 1000
230 91
287 51
117 1396
137 81
63 71
300 4940
190 21
107 81
74 1
300 780
46 31
80 51
300 4250
192 81
195 51
34 21
64 11
102 71
34 61
300 2720
120 51
300 680
155 2451
151 11
202 4163
29 61
164 81
229 41
181 61
160 41
269 31
179 31
220 91
56 31
300 81
255 41
300 8710
144 31
119 71
141 21
92 863
35 125
94 11
131 1
194 81
300 2070
287 81
36 11
31 21
300 2450
218 51
56 91
300 6510
26 51
280 1
187 41
162 11
71 41
141 2028
231 21
255 1
43 41
300 5930
115 11
198 41
148 81
225 81
126 1
300 1300
64 1
144 81
129 1
118 41
80 11
130 1724
300 5680
300 3760
105 41
300 920
219 4893
277 31
300 7200
267 91
300 3010
300 8410
62 51
143 31
287 8405
300 1920
117 71
187 3568
74 51
248 61
300 5060
300 910
237 5731
300 7860
16 1
291 11
65 431
188 31
61 61
262 41
165 51
293 91
45 31
273 71
219 41
265 81
300 6570
87 91
130 81
300 2620
37 139
300 2090
227 51
223 5074
205 41
278 21
96 31
186 21
140 31
224 41
76 31
201 11
51 91
237 1
275 81
132 1
239 51
300 7240
262 7004
300 1860
134 11
121 51
41 51
161 61
300 8870
186 91
173 21
300 2950
299 71
90 71
23 31
130 61
61 91
18 21
300 3420
275 91
271 61
105 31
172 21
156 21
201 81
300 1
195 3880
64 91
279 61
176 1
245 91
246 6175
264 31
235 11
167 81
282 91
239 41
110 71
300 4470
213 61
179 51
258 11
235 71
56 71
110 11
281 41
282 51
217 71
4 1
300 8400
300 2610
206 1
300 4210
300 3810
122 31
35 41
300 3530
298 41
259 41
107 11
245 11
300 6040
232 61
169 11
211 11
300 840
158 1
300 460
300 7540
168 31
266 51
300 8480
171 31
300 8690
300 6540
238 11
150 51
24 31
134 61
300 5740
289 81
256 71
274 51
298 9061
183 71
300 1880
239 81
150 1
90 31
227 91
289 91
71 51
300 8720
238 61
300 7310
300 4870
153 81
296 31
300 5250
300 6890
300 5270
176 41
77 21
300 8500
132 81
106 81
300 2850
300 8760
53 21
300 6810
300 410
207 51
39 91
300 6180
270 7438
263 81
78 91
177 31
168 61
179 41
295 21
294 1
245 51
184 11
54 31
71 514
72 61
283 41
300 1460
226 11
48 51
300 7930
121 71
275 41
139 91
120 81
158 51
300 6640
274 81
164 2744
222 91
286 8346
285 1
300 6480
55 41
156 2483
297 91
250 61
162 31
230 5397
208 4414
249 71
119 51
65 61
283 61
61 41
16 21
128 1671
106 41
111 71
214 4673
236 91
52 11
24 1
274 7660
164 71
199 71
163 91
27 51
34 71
260 1
158 41
254 31
175 61
261 61
240 31
268 1
125 51
300 3250
101 11
257 11
235 41
300 3450
168 1
300 4100
195 31
12 11
135 21
297 51
300 5100
290 91
134 51
207 21
110 81
300 5750
295 31
58 31
300 8200
253 21
266 81
267 21
86 71
300 6670
44 81
300 4640
300 5280
268 21
300 1410
104 41
87 11
60 367
123 71
113 11
68 71
250 11
300 2930
243 31
300 6160
290 61
138 71
276 61
235 5635
300 1220
201 41
186 61
228 61
26 61
32 11
159 1
89 11
46 51
69 11
300 7950
300 4620
262 61
47 71
300 7230
262 1
219 31
171 21
93 21
254 91
300 7160
244 71
230 61
39 61
153 41
215 11
178 21
300 5310
210 61
298 61
258 21
134 31
50 31
207 81
207 4372
246 31
300 1390
204 91
152 1
217 61
94 61
282 81
109 51
278 1
55 61
139 41
69 91
300 3200
224 71
225 21
300 1310
221 51
228 51
87 41
28 1
300 1750
300 8030
59 1
300 7890
270 1
273 51
93 11
135 1859
91 91
300 7460
177 1
91 1
52 21
104 1
170 71
238 31
115 91
40 71
122 51
230 31
147 31
300 3910
98 21
165 91
178 31
50 41
58 21
258 61
300 1480
246 81
235 21
123 21
60 81
227 81
143 51
300 5650
122 41
300 6530
300 4810
83 21
299 51
26 1
37 91
157 2515
85 71
234 11
76 21
112 61
236 31
265 51
54 91
240 81
38 51
34 11
215 81
212 4586
165 21
300 2640
185 31
24 41
133 11
43 91
300 1670
130 51
300 7070
131 51
49 11
61 51
267 11
197 81
71 21
209 21
49 91
37 61
300 1430
51 1
27 31
298 51
275 71
300 8880
231 1
42 1
280 31
300 7130
300 3870
132 51
109 71
248 21
108 61
162 41
196 51
221 61
27 1
71 61
88 790
300 1270
300 2830
145 1
256 81
300 6560
154 41
300 4270
241 51
83 91
225 11
300 8510
300 2800
173 31
119 41
300 2300
260 81
300 9140
155 1
243 81
300 2000
300 4240
160 61
20 31
183 3417
266 1
300 5020
125 1
300 4550
213 31
114 71
300 9070
300 8860
272 81
68 51
244 51
122 21
93 41
300 6250
300 8570
162 81
226 61
90 81
197 71
300 3390
181 21
130 91
125 61
203 61
258 41
300 1110
148 51
117 1
178 71
99 61
300 7190
259 31
120 91
251 31
223 1
88 91
62 91
204 51
187 51
62 31
96 61
171 1
50 61
300 1140
300 7000
65 71
300 8270
49 245
94 1
286 1
115 41
112 41
106 51
253 81
74 41
207 11
59 91
24 51
294 41
93 91
300 1730
200 1
28 71
25 11
300 500
51 41
300 4800
78 31
300 3140
300 600
135 91
300 8620
222 1
58 81
33 81
300 4680
300 3210
300 2580
209 1
231 61
300 7610
60 31
283 31
257 1
174 21
300 7920
108 11
137 41
219 81
41 71
40 81
130 41
217 81
227 5258
233 41
37 51
46 61
300 6110
148 71
191 71
259 81
215 61
300 4880
300 7570
239 91
300 1570
182 31
300 2480
182 91
300 5390
300 6310
126 61
42 31
72 31
242 81
230 81
103 41
147 61
168 41
238 21
75 61
185 81
230 71
189 71
300 3920
300 1540
300 8740
205 81
84 41
219 1
136 41
287 11
276 11
300 6820
285 61
65 91
229 1
158 81
300 1250
165 11
107 61
52 51
194 11
169 91
122 61
300 6290
105 1
234 41
44 71
107 31
300 2490
101 1
300 690
60 61
214 71
270 91
94 901
300 3630
300 130
300 8300
133 61
300 400
300 5190
89 41
179 81
300 9020
46 11
300 8640
229 81
120 21
300 2600
161 2645
300 8540
115 61
204 41
64 21
246 91
48 11
292 31
153 71
300 1030
300 2520
200 61
100 61
201 71
296 91
82 41
204 4246
300 4030
85 1
220 71
278 7886
172 71
300 4300
300 1560
169 71
300 1870
75 21
249 11
300 8280
17 1
78 21
168 71
300 7220
133 51
47 91
248 91
300 1590
173 51
67 51
185 11
293 11
300 51
68 21
150 11
300 1680
300 2240
139 1
214 51
59 61
299 11
39 71
249 21
260 41
61 21
261 21
120 71
197 91
300 2290
70 500
82 11
19 21
258 1
141 91
300 3410
133 21
244 21
300 8520
256 91
95 71
226 31
300 8070
80 71
300 7060
300 4860
300 7250
300 4580
296 51
300 5970
160 2612
300 270
101 31
69 51
300 8470
269 91
171 51
97 31
126 21
251 41
176 91
151 1
300 3350
300 1320
17 21
77 91
300 4000
298 1
94 21
77 11
300 3650
159 2579
39 155
260 51
114 21
139 1971
99 71
109 91
300 2660
136 51
159 91
294 61
214 91
134 91
154 21
163 81
300 5720
76 71
199 81
62 1
300 490
272 71
177 81
300 3510
74 71
268 31
169 21
300 7140
47 81
120 1469
256 1
282 41
155 21
179 11
155 51
270 41
152 51
142 1
300 3740
44 91
272 11
137 71
182 61
221 1
81 61
189 3645
300 990
297 61
206 11
35 81
104 21
239 1
78 51
213 21
300 1330
275 21
248 11
300 3430
76 91
69 41
182 81
300 4740
53 41
234 61
117 91
187 81
220 11
300 770
102 11
300 4430
159 51
267 1
128 41
140 2000
300 620
177 61
222 61
272 41
40 61
142 11
300 9010
300 3190
276 41
103 61
204 1
248 6275
300 370
300 2460
122 11
195 41
29 31
274 1
263 61
200 21
300 6240
289 61
174 91
224 31
190 61
129 71
68 11
76 1
257 6739
144 11
55 91
7 1
209 11
17 11
42 41
226 41
299 41
300 1530
286 91
42 81
213 71
300 9090
239 5828
61 71
177 71
300 260
78 1
98 71
29 1
86 91
278 81
300 4930
300 3490
86 81
131 21
105 61
300 1580
142 41
221 91
91 51
300 5380
268 7328
109 31
135 81
236 1
300 5580
275 7716
38 41
293 61
221 41
209 61
300 3440
209 4457
108 21
281 8057
79 91
72 528
124 1
254 81
300 2820
5 1
300 4730
300 6230
118 51
242 1
85 51
257 61
152 91
33 61
45 21
157 11
139 31
237 31
68 91
193 21
196 1
283 91
279 21
156 41
161 1
300 8630
135 71
268 71
134 81
212 41
145 51
300 8180
295 61
96 21
300 2890
292 81
300 1280
300 6870
66 1
300 6520
12 1
300 7590
62 11
203 31
95 51
237 91
300 4650
146 21
181 31
300 1200
300 5220
190 3683
65 51
272 31
54 81
229 5351
227 41
100 1
53 1
300 1820
248 31
48 71
269 41
114 1326
75 71
300 7470
115 31
300 8340
109 1212
161 91
300 8420
300 8530
112 71
300 300
159 21
215 51
151 91
261 71
296 8940
300 61
289 51
87 51
140 41
137 61
300 2910
300 1760
225 31
269 21
300 2400
157 31
94 71
186 51
235 91
135 1
98 51
300 6020
300 8110
90 21
300 5890
24 11
54 41
300 550
247 11
76 51
300 2020
72 1
202 71
163 1
300 4350
300 1700
240 5877
268 51
180 51
118 71
300 4080
241 5926
63 11
208 71
300 8370
300 7380
249 41
110 1
100 11
110 51
41 81
136 71
225 61
300 3710
300 5200
262 31
300 2790
262 91
208 1
95 1
81 1
36 21
143 11
112 81
63 51
83 61
111 81
206 21
208 11
153 31
254 51
208 31
224 5120
240 51
104 31
184 51
205 61
44 11
195 1
51 81
19 31
84 1
192 71
133 31
300 7480
296 41
234 91
268 11
300 1520
122 1
40 11
220 81
300 2870
32 71
270 61
287 91
179 61
300 4570
33 71
79 31
235 51
300 5840
300 3800
72 11
48 21
30 81
300 7760
149 51
227 21
158 11
300 530
235 61
289 31
300 1020
171 91
300 3360
119 91
223 31
252 1
22 31
299 1234
131 61
253 61
271 51
53 81
300 8160
82 81
197 21
182 21
48 61
156 71
218 81
172 81
188 11
251 61
102 41
41 1
300 6950
300 5370
300 1850
97 91
300 8660
277 61
200 4081
300 8670
139 51
300 1960
42 21
70 11
300 1230
201 1
164 21
63 21
206 61
211 1
277 41
52 81
147 1
61 1
300 320
249 6326
128 31
287 41
300 8680
114 11
206 51
300 1510
273 7605
281 11
300 760
228 21
300 4720
180 3306
219 61
253 41
236 21
86 11
173 3053
149 81
265 31
239 31
226 21
300 5360
222 5028
300 630
300 6590
11 1
300 5080
287 61
178 3233
69 61
300 5790
300 3280
266 91
256 21
57 331
191 91
291 81
197 11
84 81
163 2711
300 3610
198 11
240 21
171 61
300 7940
291 91
300 7440
300 240
129 41
300 1440
140 21
293 51
300 7350
234 21
88 21
62 41
105 21
265 61
167 11
156 81
199 4040
242 91
9 1
155 61
294 8820
212 71
245 61
233 21
57 61
47 41
99 41
138 91
300 7880
300 8140
232 1
188 3606
300 3700
267 41
38 81
226 1
226 71
142 81
250 41
300 5780
264 61
255 61
170 11
134 41
104 1103
57 11
207 91
193 71
300 4380
154 91
203 1
290 41
288 8463
300 7050
300 7910
254 1
300 750
294 81
213 51
118 1
173 81
300 5640
300 4180
261 11
300 480
135 41
299 31
181 1
276 7773
173 41
77 61
197 41
105 11
194 1
260 91
208 21
243 51
140 81
260 61
216 91
88 51
123 1
233 61
136 1
199 11
48 41
200 11
300 6490
188 41
250 21
300 1190
32 51
246 61
300 8960
168 51
220 21
300 670
116 11
300 5960
144 51
228 71
252 91
211 91
265 41
300 3180
247 1
25 1
275 1
250 91
109 61
48 91
205 4288
241 71
300 3230
107 21
269 71
141 1
119 1445
59 11
300 8990
145 31
160 71
36 1
300 7810
218 21
73 1
168 11
196 21
131 71
290 71
273 31
116 61
247 71
74 21
300 7040
92 11
196 11
152 2357
97 61
145 61
240 61
35 71
300 6210
264 7111
177 91
183 21
300 180
46 21
199 41
300 1610
94 51
295 11
98 1
244 61
300 3890
287 31
162 1
49 51
227 31
300 1470
300 8350
115 81
60 11
300 2500
232 21
88 11
175 31
190 71
45 61
268 91
286 31
88 61
300 2220
278 51
73 71
251 51
300 7300
70 21
140 51
170 81
128 11
300 7580
82 686
300 5290
300 3640
223 61
249 81
300 1790
261 31
146 11
112 51
112 11
257 91
300 120
70 51
300 5910
128 61
108 81
62 61
300 2730
27 61
300 360
103 71
300 5470
239 21
300 570
170 31
271 7493
129 91
300 2270
139 81
45 206
198 31
238 51
161 11
179 3269
300 2390
25 21
264 1
300 4390
69 485
191 31
51 21
132 31
273 11
300 6990
126 31
294 91
37 11
247 41
38 91
174 81
118 31
275 11
163 21
175 1
300 5400
21 1
102 91
300 2470
104 71
300 3370
34 41
293 71
300 6760
34 91
300 7290
164 31
210 41
72 71
101 91
300 6410
126 71
300 9000
84 91
300 3310
296 1
167 51
193 3800
171 71
98 980
241 11
51 265
185 61
154 1
300 440
274 11
119 11
124 1568
110 1234
109 81
142 91
153 1
103 1082
56 11
138 51
175 3125
104 61
300 7330
300 6780
183 51
300 7320
240 41
219 21
116 41
300 8970
174 61
68 471
84 21
75 51
266 71
97 71
150 91
300 4700
87 1
247 51
188 81
112 1280
121 1
300 5500
300 1180
32 81
300 6280
100 51
229 71
50 51
113 1
176 61
118 11
176 81
103 1
182 51
190 11
70 91
263 41
300 8900
299 81
77 41
105 71
294 21
106 1
300 5870
286 81
198 4000
110 21
300 3680
300 2350
279 1
215 91
73 31
300 8770
286 11
29 41
28 41
300 3540
121 91
300 6550
288 61
166 71
156 91
162 51
245 21
203 71
300 6420
144 2115
180 91
225 1
300 5850
195 21
202 21
29 21
172 1
136 31
272 51
81 669
300 2200
107 41
73 543
267 81
283 1
156 61
122 71
59 41
98 91
300 3590
40 163
127 21
257 51
300 4910
141 31
300 2130
300 4670
242 21
224 51
300 4010
262 21
180 41
271 71
248 71
